PRIMARY min store (store,d,s,total) for m = 16..24 (m>16 is outside the requested range)
97 [(16, (112, 16, 7, 44.2513)), (17, (112, 14, 8, 46.3376)), (18, (117, 13, 9, 44.5075)), (19, (120, 15, 8, 47.7555)), (20, (126, 14, 9, 45.0774)), (21, (130, 13, 10, 44.4697)), (22, (132, 12, 11, 45.9291)), (23, (140, 14, 10, 44.4528)), (24, (143, 13, 11, 45.0377))]
109 [(16, (112, 14, 8, 54.2501)), (17, (120, 15, 8, 51.3376)), (18, (126, 18, 7, 52.5076)), (19, (126, 14, 9, 52.7555)), (20, (130, 13, 10, 52.0774)), (21, (135, 15, 9, 53.4697)), (22, (140, 14, 10, 51.9291)), (23, (143, 13, 11, 52.4527)), (24, (150, 15, 10, 52.0377))]
131 [(16, (126, 18, 7, 64.2501)), (17, (133, 19, 7, 62.3376)), (18, (135, 15, 9, 60.5075)), (19, (144, 18, 8, 58.7555)), (20, (140, 14, 10, 63.0774)), (21, (150, 15, 10, 58.4697)), (22, (150, 15, 10, 62.9291)), (23, (154, 14, 11, 62.4527)), (24, (156, 13, 12, 64.0377))]
163 [(16, (144, 18, 8, 80.2501)), (17, (152, 19, 8, 77.3376)), (18, (153, 17, 9, 78.5075)), (19, (160, 20, 8, 78.7555)), (20, (160, 16, 10, 79.0774)), (21, (168, 21, 8, 80.4697)), (22, (170, 17, 10, 78.9291)), (23, (176, 16, 11, 76.4527)), (24, (176, 16, 11, 81.0377))]
191 [(16, (160, 20, 8, 94.2501)), (17, (168, 24, 7, 94.3376)), (18, (171, 19, 9, 90.5075)), (19, (171, 19, 9, 94.7555)), (20, (180, 20, 9, 91.0774)), (21, (180, 18, 10, 93.4697)), (22, (187, 17, 11, 89.9291)), (23, (187, 17, 11, 94.4527)), (24, (192, 16, 12, 93.0377))]
233 [(16, (184, 23, 8, 115.2501)), (17, (192, 24, 8, 112.3376)), (18, (198, 22, 9, 108.5075)), (19, (198, 22, 9, 112.7555)), (20, (200, 20, 10, 113.0774)), (21, (207, 23, 9, 113.4697)), (22, (209, 19, 11, 111.9291)), (23, (216, 24, 9, 114.4527)), (24, (216, 18, 12, 113.0377))]
239 [(16, (192, 24, 8, 114.2501)), (17, (192, 24, 8, 118.3376)), (18, (198, 22, 9, 114.5075)), (19, (198, 22, 9, 118.7555)), (20, (200, 20, 10, 119.0774)), (21, (210, 21, 10, 114.4697)), (22, (209, 19, 11, 117.9291)), (23, (220, 22, 10, 114.4527)), (24, (216, 18, 12, 119.0377))]
283 [(16, (216, 27, 8, 137.2501)), (17, (224, 32, 7, 138.3376)), (18, (224, 28, 8, 138.5075)), (19, (225, 25, 9, 138.7555)), (20, (230, 23, 10, 136.0774)), (21, (230, 23, 10, 140.4697)), (22, (240, 24, 10, 135.9291)), (23, (240, 24, 10, 140.4527)), (24, (240, 20, 12, 141.0377))]
409 [(16, (288, 36, 8, 200.2501)), (17, (296, 37, 8, 197.3376)), (18, (296, 37, 8, 201.5075)), (19, (297, 33, 9, 200.7555)), (20, (300, 30, 10, 199.0774)), (21, (300, 30, 10, 203.4697)), (22, (308, 28, 11, 197.9291)), (23, (308, 28, 11, 202.4527)), (24, (312, 26, 12, 201.0377))]
571 [(16, (376, 47, 8, 285.2501)), (17, (384, 48, 8, 282.3376)), (18, (387, 43, 9, 278.5075)), (19, (387, 43, 9, 282.7555)), (20, (390, 39, 10, 280.0774)), (21, (390, 39, 10, 284.4697)), (22, (396, 36, 11, 279.9291)), (23, (396, 36, 11, 284.4527)), (24, (407, 37, 11, 279.0377))]
