[[0, 16, 29, 4, 22], [16, 21, 16, 37, 35], 0, [12, 18, 24, 33]]
[[0, 16, 29, 4, 22], [25, 20, 25, 4, 6], 0, [12, 18, 24, 33]]
[[1, 11, 19, 33, 38], [16, 37, 37, 15, 7], 0, [3, 7, 26, 26]]
[[1, 11, 19, 33, 38], [25, 4, 4, 26, 34], 0, [3, 7, 26, 26]]
[[1, 30, 2, 31, 0], [0, 20, 9, 36, 37], 0, [7, 9, 27, 33]]
[[1, 30, 2, 31, 0], [0, 21, 32, 5, 4], 0, [7, 9, 27, 33]]
[[11, 13, 34, 24, 23], [2, 23, 31, 12, 32], 0, [7, 18, 24, 25]]
[[11, 13, 34, 24, 23], [39, 18, 10, 29, 9], 0, [7, 18, 24, 25]]
[[12, 16, 19, 33, 32], [10, 40, 31, 24, 13], 0, [0, 3, 9, 20]]
[[12, 16, 19, 33, 32], [31, 1, 10, 17, 28], 0, [0, 3, 9, 20]]
[[18, 15, 8, 37, 36], [10, 26, 16, 37, 28], 0, [0, 9, 12, 21]]
[[18, 15, 8, 37, 36], [31, 15, 25, 4, 13], 0, [0, 9, 12, 21]]
[[2, 20, 34, 12, 34], [37, 23, 28, 4, 20], 0, [3, 12, 20, 21]]
[[2, 20, 34, 12, 34], [4, 18, 13, 37, 21], 0, [3, 12, 20, 21]]
[[20, 21, 16, 30, 25], [15, 21, 1, 21, 18], 0, [7, 13, 21, 21]]
[[20, 21, 16, 30, 25], [26, 20, 40, 20, 23], 0, [7, 13, 21, 21]]
[[21, 36, 31, 16, 35], [35, 9, 0, 9, 28], 0, [10, 20, 25, 25]]
[[21, 36, 31, 16, 35], [6, 32, 0, 32, 13], 0, [10, 20, 25, 25]]
[[22, 29, 2, 16, 34], [14, 26, 13, 35, 34], 0, [9, 20, 25, 33]]
[[22, 29, 2, 16, 34], [27, 15, 28, 6, 7], 0, [9, 20, 25, 33]]
[[23, 16, 20, 27, 6], [20, 14, 19, 4, 16], 0, [1, 3, 13, 25]]
[[23, 16, 20, 27, 6], [21, 27, 22, 37, 25], 0, [1, 3, 13, 25]]
[[24, 28, 8, 7, 22], [37, 31, 26, 16, 8], 0, [7, 25, 33, 35]]
[[24, 28, 8, 7, 22], [4, 10, 15, 25, 33], 0, [7, 25, 33, 35]]
[[27, 34, 23, 40, 28], [34, 14, 34, 2, 34], 0, [15, 21, 21, 24]]
[[27, 34, 23, 40, 28], [7, 27, 7, 39, 7], 0, [15, 21, 21, 24]]
[[28, 3, 22, 13, 1], [10, 17, 38, 35, 10], 0, [10, 26, 33, 34]]
[[28, 3, 22, 13, 1], [31, 24, 3, 6, 31], 0, [10, 26, 33, 34]]
[[3, 17, 28, 25, 18], [36, 26, 35, 1, 21], 0, [9, 25, 27, 35]]
[[3, 17, 28, 25, 18], [5, 15, 6, 40, 20], 0, [9, 25, 27, 35]]
[[31, 20, 3, 6, 5], [13, 2, 24, 40, 19], 0, [20, 27, 33, 35]]
[[31, 20, 3, 6, 5], [28, 39, 17, 1, 22], 0, [20, 27, 33, 35]]
[[32, 16, 24, 36, 30], [37, 33, 25, 7, 29], 0, [3, 12, 12, 24]]
[[32, 16, 24, 36, 30], [4, 8, 16, 34, 12], 0, [3, 12, 12, 24]]
[[34, 18, 1, 35, 36], [13, 0, 17, 22, 29], 0, [0, 7, 15, 15]]
[[34, 18, 1, 35, 36], [28, 0, 24, 19, 12], 0, [0, 7, 15, 15]]
[[35, 36, 16, 30, 8], [15, 25, 10, 11, 24], 0, [1, 24, 33, 35]]
[[35, 36, 16, 30, 8], [26, 16, 31, 30, 17], 0, [1, 24, 33, 35]]
[[36, 28, 36, 32, 0], [34, 27, 33, 21, 16], 0, [18, 18, 27, 27]]
[[36, 28, 36, 32, 0], [7, 14, 8, 20, 25], 0, [18, 18, 27, 27]]
[[36, 38, 40, 20, 31], [18, 7, 40, 7, 13], 0, [15, 18, 21, 27]]
[[36, 38, 40, 20, 31], [23, 34, 1, 34, 28], 0, [15, 18, 21, 27]]
[[39, 30, 35, 4, 25], [11, 34, 13, 1, 5], 0, [10, 13, 13, 18]]
[[39, 30, 35, 4, 25], [30, 7, 28, 40, 36], 0, [10, 13, 13, 18]]
[[40, 21, 18, 19, 11], [33, 38, 21, 20, 16], 0, [7, 9, 20, 35]]
[[40, 21, 18, 19, 11], [8, 3, 20, 21, 25], 0, [7, 9, 20, 35]]
[[5, 27, 30, 0, 25], [16, 20, 19, 17, 7], 0, [7, 13, 15, 24]]
[[5, 27, 30, 0, 25], [25, 21, 22, 24, 34], 0, [7, 13, 15, 24]]
[[7, 38, 11, 15, 3], [35, 11, 39, 35, 33], 0, [1, 20, 24, 27]]
[[7, 38, 11, 15, 3], [6, 30, 2, 6, 8], 0, [1, 20, 24, 27]]
[[9, 0, 8, 2, 15], [16, 38, 29, 8, 7], 0, [1, 9, 9, 18]]
[[9, 0, 8, 2, 15], [25, 3, 12, 33, 34], 0, [1, 9, 9, 18]]
