5997019219
37744445183
39640528559
81049972515
95374749795
109384496681
131959345423
165820232955
172874328105
200742141769
229221296853
241856368571
243606149247
260623164515
362651412795
399725101873
441530527337
449991858809
459503975423
479925918429
517815414403
583930671161
591368152055
641198213591
766916531097
831015215153
831534197599
872052589723
890214142153
905174534559
934708595573
941451560715
942728411491
965836327713
970038877501
975818628525
995730485567
998935669095
1005588091767
1011195956855
1041707472413
1043707549603
1077146320331
1104127067609
1105208985935
1134733202697
1141603458499
1183623955153
1195105448527
1196938351649
1210771645223
1326549987177
1431799157585
1493482221669
1517663800595
1521951464953
1525087015727
1527035042721
1558773433323
1579045026467
1582337304873
1643236196915
1677048199767
1731511845273
1743627342253
1771983080381
1772537429215
1787850709423
1819477460631
1828694890101
1857876514357
1871096262553
1874945562063
1933481766647
2027619131801
2029517075431
2089206363027
2092678904947
2104279845723
2139564150769
2144066960205
2195625979345
