MEASURED constant: 14.93 GB/s (bench_rank.py, narrowest declared shape).
Memory cap used for admission: 1.5 GB.  Mandatory degrees D = 2,3,4; D = 5 conditional.

tier   n  m   k   N sd arm blocks peakMemGB  mandSec  d5?    d5Sec
------------------------------------------------------------------
A      8  2   4   8  3   6     54     0.000        0  yes        0
A     12  2   6  12  3   6     54     0.000        0  yes        0
A     16  2   8  16  3   6     54     0.001        1  yes        3
A     20  2  10  20  3   6     54     0.003        6  yes       84
A     24  2  12  24  3   6     54     0.010       40  yes     1020
A     28  2  14  28  3   6     54     0.030      190  yes     8033
A     32  2  16  32  3   6     54     0.077      733   no        0
A     36  2  18  36  2   6     36     0.177     1606   no        0
A     40  2  20  40  2   6     36     0.372     4651   no        0
A     44  2  22  44  1   4     12     0.728     4053   no        0
A      6  3   2  12  3   6     54     0.000        0  yes        0
A      9  3   3  18  3   6     54     0.001        1  yes        7
A     12  3   4  24  3   6     54     0.006       12  yes      329
A     15  3   5  30  3   6     54     0.026      109  yes     6184
A     18  3   6  36  3   6     54     0.094      673   no        0
A     21  3   7  42  2   6     36     0.275     2092   no        0
A     24  3   8  48  1   4     12     0.701     2647   no        0
A      8  4   2  24  3   6     54     0.004        6  yes      184
A     12  4   3  36  3   6     54     0.066      332   no        0
A     16  4   4  48  2   6     36     0.486     3823   no        0
A     10  5   2  40  3   6     54     0.107      580   no        0
B     12  2   7  14  2   6     36     0.000        0  yes        0
B     12  2   8  16  2   6     36     0.000        0  yes        2
B     16  2   9  18  2   6     36     0.001        1  yes       16
B     16  2  12  24  2   6     36     0.007       12  yes      453
B     20  2  13  26  2   6     36     0.014       35  yes     1764
B      9  3   4  21  2   6     36     0.002        2  yes       42
B     12  3   5  27  2   6     36     0.011       20  yes     1224
B     15  3   7  36  2   6     36     0.078      312   no        0
B      8  4   3  28  2   6     36     0.010       14  yes      993
C     12  6   2  60  1   4     12     1.471     4752   no        0
------------------------------------------------------------------
  tier A:     21557 s =  5.99 h
  tier B:       396 s =  0.11 h
  tier C:      4752 s =  1.32 h

MANDATORY TOTAL      26704 s =  7.42 h (1314 blocks)
D=5 RESERVE (all)     20341 s =  5.65 h (charged only where nu_4 = 0)
PEAK RESIDENT      1.471 GB (one block resident at a time)
CELLS              31  (tier A 21, B 9, C 1)

PER-CELL D=4 SHAPE (the block the claim is read from)
tier   n  m   k   N  cub qud    rows     cols  topcols  rowKiB   memGB      sec
-------------------------------------------------------------------------------
A      8  2   4   8    0   8     224      163       70     0.0   0.000      0.0
A     12  2   6  12    0  12     792      794      495     0.1   0.000      0.0
A     16  2   8  16    0  16    1920     2517     1820     0.3   0.001      0.0
A     20  2  10  20    0  20    3800     6196     4845     0.8   0.003      0.3
A     24  2  12  24    0  24    6624    12951    10626     1.6   0.010      2.2
A     28  2  14  28    0  28   10584    24158    20475     2.9   0.030     10.6
A     32  2  16  32    0  32   15872    41449    35960     5.1   0.077     40.7
A     36  2  18  36    0  36   22680    66712    58905     8.1   0.177    133.8
A     40  2  20  40    0  40   31200   102091    91390    12.5   0.372    387.5
A     44  2  22  44    0  44   41624   149986   135751    18.3   0.728   1013.2
A      6  3   2  12    6   6     468      794      495     0.1   0.000      0.0
A      9  3   3  18    9   9    1539     4048     3060     0.5   0.001      0.0
A     12  3   4  24   12  12    3600    12951    10626     1.6   0.006      0.7
A     15  3   5  30   15  15    6975    31931    27405     3.9   0.026      6.1
A     18  3   6  36   18  18   11988    66712    58905     8.1   0.094     37.4
A     21  3   7  42   21  21   18963   124314   111930    15.2   0.275    174.3
A     24  3   8  48   24  24   28224   213053   194580    26.0   0.701    661.7
A      8  4   2  24   16   8    2592    12951    10626     1.6   0.004      0.3
A     12  4   3  36   24  12    8424    66712    58905     8.1   0.066     18.5
A     16  4   4  48   32  16   19584   213053   194580    26.0   0.486    318.6
A     10  5   2  40   30  10    9000   102091    91390    12.5   0.107     32.2
B     12  2   7  14    0  12    1092     1471     1001     0.2   0.000      0.0
B     12  2   8  16    0  12    1440     2517     1820     0.3   0.000      0.0
B     16  2   9  18    0  16    2448     4048     3060     0.5   0.001      0.1
B     16  2  12  24    0  16    4416    12951    10626     1.6   0.007      1.0
B     20  2  13  26    0  20    6500    17902    14950     2.2   0.014      2.9
B      9  3   4  21    9   9    2079     7547     5985     0.9   0.002      0.1
B     12  3   5  27   12  12    4536    20854    17550     2.5   0.011      1.7
B     15  3   7  36   15  15    9990    66712    58905     8.1   0.078     26.0
B      8  4   3  28   16   8    3472    24158    20475     2.9   0.010      1.1
C     12  6   2  60   48  12   24120   523686   487635    63.9   1.471   1187.8

PER-CELL D=5 SHAPE (conditional escalation; 'no' = refused on memory)
tier   n  m   k   N  cub qud    rows     cols  topcols  rowKiB   memGB      sec
-------------------------------------------------------------------------------
A      8  2   4   8    0   8     448      219       56     0.0   0.000      0.0
A     12  2   6  12    0  12    2640     1586      792     0.2   0.000      0.0
A     16  2   8  16    0  16    8960     6885     4368     0.8   0.006      1.7
A     20  2  10  20    0  20   22800    21700    15504     2.6   0.056     41.9
A     24  2  12  24    0  24   48576    55455    42504     6.8   0.315    510.2
A     28  2  14  28    0  28   91728   122438    98280    14.9   1.311   4016.5
A     32  2  16  32    0  32  158720   242825   201376    29.6   4.493  23850.1   REFUSED
A     36  2  18  36    0  36  257040   443704   376992    54.2  13.287 114291.8   REFUSED
A     40  2  20  40    0  40  395200   760099   658008    92.8  34.985 462836.1   REFUSED
A     44  2  22  44    0  44  582736  1235994  1086008   150.9  83.871 1636373.8   REFUSED
A      6  3   2  12    6   6    1716     1586      792     0.2   0.000      0.0
A      9  3   3  18    9   9    8721    12616     8568     1.5   0.013      3.7
A     12  3   4  24   12  12   27600    55455    42504     6.8   0.179    164.7
A     15  3   5  30   15  15   67425   174437   142506    21.3   1.372   3091.8
A     18  3   6  36   18  18  139860   443704   376992    54.2   7.230  33837.7   REFUSED
A     21  3   7  42   21  21  259161   974982   850668   119.0  29.425 255303.7   REFUSED
A     24  3   8  48   24  24  442176  1925357  1712304   235.0  99.126 1467650.4   REFUSED
A      8  4   2  24   16   8   20608    55455    42504     6.8   0.134     91.8
A     12  4   3  36   24  12  100800   443704   376992    54.2   5.210  17576.6   REFUSED
A     16  4   4  48   32  16  312832  1925357  1712304   235.0  70.130 734606.3   REFUSED
A     10  5   2  40   30  10  122200   760099   658008    92.8  10.818  44252.3   REFUSED
B     12  2   7  14    0  12    4368     3473     2002     0.4   0.002      0.2
B     12  2   8  16    0  12    6720     6885     4368     0.8   0.006      1.2
B     16  2   9  18    0  16   13056    12616     8568     1.5   0.019      8.1
B     16  2  12  24    0  16   32384    55455    42504     6.8   0.210    226.7
B     20  2  13  26    0  20   52000    83682    65780    10.2   0.509    882.2
B      9  3   4  21    9   9   13860    27896    20349     3.4   0.046     20.9
B     12  3   5  27   12  12   39312   101584    80730    12.4   0.466    612.1
B     15  3   7  36   15  15  116550   443704   376992    54.2   6.025  23498.4   REFUSED
B      8  4   3  28   16   8   32256   122438    98280    14.9   0.461    496.7
C     12  6   2  60   48  12  495600  5985198  5461512   730.6 345.337 5731411.7   REFUSED

WHAT STOPPED EACH FAMILY GROWING (D = 4, cap 1.5 GB / declared per-block wall clock)
  m= 2 n= 44 k= 22 N= 44 mem=  0.728 GB sec=     1013  declared
  m= 2 n= 48 k= 24 N= 48 mem=  1.345 GB sec=     2435  fits memory, excluded on time
  m= 2 n= 52 k= 26 N= 52 mem=  2.364 GB sec=     5453  over memory cap
  m= 3 n= 24 k=  8 N= 48 mem=  0.701 GB sec=      662  declared
  m= 3 n= 27 k=  9 N= 54 mem=  1.600 GB sec=     2147  over memory cap
  m= 4 n= 16 k=  4 N= 48 mem=  0.486 GB sec=      319  declared
  m= 4 n= 20 k=  5 N= 60 mem=  2.306 GB sec=     2917  over memory cap
  m= 5 n= 10 k=  2 N= 40 mem=  0.107 GB sec=       32  declared
  m= 5 n= 15 k=  3 N= 60 mem=  1.784 GB sec=     1747  over memory cap
  m= 6 n= 12 k=  2 N= 60 mem=  1.471 GB sec=     1188  declared
  m= 6 n= 14 k=  3 N= 74 mem=  5.952 GB sec=     8361  over memory cap
  m= 7 n= 14 k=  2 N= 84 mem= 12.915 GB sec=    23648  over memory cap

RECORDED SCOPE LIMITS
  largest n declared : n = 44 (cell 44,2,22), N = 44
  largest N declared : N = 60 (cell 12,6,2), n = 12, m = 6
  largest m declared : m = 6 (cell 12,6,2)
  These are BUDGET limits, not degrees.  A bound observed at these
  cells is evidence about these cells only.
MEASURED constant: 14.93 GB/s (bench_rank.py, narrowest declared shape).
Memory cap used for admission: 1.5 GB.  Mandatory degrees D = 2,3,4; D = 5 conditional.

tier   n  m   k   N sd arm blocks peakMemGB  mandSec  d5?    d5Sec
------------------------------------------------------------------
A      8  2   4   8  3   6     54     0.000        0  yes        0
A     12  2   6  12  3   6     54     0.000        0  yes        0
A     16  2   8  16  3   6     54     0.001        1  yes        3
A     20  2  10  20  3   6     54     0.003        6  yes       84
A     24  2  12  24  3   6     54     0.010       40  yes     1020
A     28  2  14  28  3   6     54     0.030      190  yes     8033
A     32  2  16  32  3   6     54     0.077      733   no        0
A     36  2  18  36  2   6     36     0.177     1606   no        0
A     40  2  20  40  2   6     36     0.372     4651   no        0
A     44  2  22  44  1   4     12     0.728     4053   no        0
A      6  3   2  12  3   6     54     0.000        0  yes        0
A      9  3   3  18  3   6     54     0.001        1  yes        7
A     12  3   4  24  3   6     54     0.006       12  yes      329
A     15  3   5  30  3   6     54     0.026      109  yes     6184
A     18  3   6  36  3   6     54     0.094      673   no        0
A     21  3   7  42  2   6     36     0.275     2092   no        0
A     24  3   8  48  1   4     12     0.701     2647   no        0
A      8  4   2  24  3   6     54     0.004        6  yes      184
A     12  4   3  36  3   6     54     0.066      332   no        0
A     16  4   4  48  2   6     36     0.486     3823   no        0
A     10  5   2  40  3   6     54     0.107      580   no        0
B     12  2   7  14  2   6     36     0.000        0  yes        0
B     12  2   8  16  2   6     36     0.000        0  yes        2
B     16  2   9  18  2   6     36     0.001        1  yes       16
B     16  2  12  24  2   6     36     0.007       12  yes      453
B     20  2  13  26  2   6     36     0.014       35  yes     1764
B      9  3   4  21  2   6     36     0.002        2  yes       42
B     12  3   5  27  2   6     36     0.011       20  yes     1224
B     15  3   7  36  2   6     36     0.078      312   no        0
B      8  4   3  28  2   6     36     0.010       14  yes      993
C     12  6   2  60  1   4     12     1.471     4752   no        0
------------------------------------------------------------------
  tier A:     21557 s =  5.99 h
  tier B:       396 s =  0.11 h
  tier C:      4752 s =  1.32 h

MANDATORY TOTAL      26704 s =  7.42 h (1314 blocks)
D=5 RESERVE (all)     20341 s =  5.65 h (charged only where nu_4 = 0)
PEAK RESIDENT      1.471 GB (one block resident at a time)
CELLS              31  (tier A 21, B 9, C 1)

PER-CELL D=4 SHAPE (the block the claim is read from)
tier   n  m   k   N  cub qud    rows     cols  topcols  rowKiB   memGB      sec
-------------------------------------------------------------------------------
A      8  2   4   8    0   8     224      163       70     0.0   0.000      0.0
A     12  2   6  12    0  12     792      794      495     0.1   0.000      0.0
A     16  2   8  16    0  16    1920     2517     1820     0.3   0.001      0.0
A     20  2  10  20    0  20    3800     6196     4845     0.8   0.003      0.3
A     24  2  12  24    0  24    6624    12951    10626     1.6   0.010      2.2
A     28  2  14  28    0  28   10584    24158    20475     2.9   0.030     10.6
A     32  2  16  32    0  32   15872    41449    35960     5.1   0.077     40.7
A     36  2  18  36    0  36   22680    66712    58905     8.1   0.177    133.8
A     40  2  20  40    0  40   31200   102091    91390    12.5   0.372    387.5
A     44  2  22  44    0  44   41624   149986   135751    18.3   0.728   1013.2
A      6  3   2  12    6   6     468      794      495     0.1   0.000      0.0
A      9  3   3  18    9   9    1539     4048     3060     0.5   0.001      0.0
A     12  3   4  24   12  12    3600    12951    10626     1.6   0.006      0.7
A     15  3   5  30   15  15    6975    31931    27405     3.9   0.026      6.1
A     18  3   6  36   18  18   11988    66712    58905     8.1   0.094     37.4
A     21  3   7  42   21  21   18963   124314   111930    15.2   0.275    174.3
A     24  3   8  48   24  24   28224   213053   194580    26.0   0.701    661.7
A      8  4   2  24   16   8    2592    12951    10626     1.6   0.004      0.3
A     12  4   3  36   24  12    8424    66712    58905     8.1   0.066     18.5
A     16  4   4  48   32  16   19584   213053   194580    26.0   0.486    318.6
A     10  5   2  40   30  10    9000   102091    91390    12.5   0.107     32.2
B     12  2   7  14    0  12    1092     1471     1001     0.2   0.000      0.0
B     12  2   8  16    0  12    1440     2517     1820     0.3   0.000      0.0
B     16  2   9  18    0  16    2448     4048     3060     0.5   0.001      0.1
B     16  2  12  24    0  16    4416    12951    10626     1.6   0.007      1.0
B     20  2  13  26    0  20    6500    17902    14950     2.2   0.014      2.9
B      9  3   4  21    9   9    2079     7547     5985     0.9   0.002      0.1
B     12  3   5  27   12  12    4536    20854    17550     2.5   0.011      1.7
B     15  3   7  36   15  15    9990    66712    58905     8.1   0.078     26.0
B      8  4   3  28   16   8    3472    24158    20475     2.9   0.010      1.1
C     12  6   2  60   48  12   24120   523686   487635    63.9   1.471   1187.8

PER-CELL D=5 SHAPE (conditional escalation; 'no' = refused on memory)
tier   n  m   k   N  cub qud    rows     cols  topcols  rowKiB   memGB      sec
-------------------------------------------------------------------------------
A      8  2   4   8    0   8     448      219       56     0.0   0.000      0.0
A     12  2   6  12    0  12    2640     1586      792     0.2   0.000      0.0
A     16  2   8  16    0  16    8960     6885     4368     0.8   0.006      1.7
A     20  2  10  20    0  20   22800    21700    15504     2.6   0.056     41.9
A     24  2  12  24    0  24   48576    55455    42504     6.8   0.315    510.2
A     28  2  14  28    0  28   91728   122438    98280    14.9   1.311   4016.5
A     32  2  16  32    0  32  158720   242825   201376    29.6   4.493  23850.1   REFUSED
A     36  2  18  36    0  36  257040   443704   376992    54.2  13.287 114291.8   REFUSED
A     40  2  20  40    0  40  395200   760099   658008    92.8  34.985 462836.1   REFUSED
A     44  2  22  44    0  44  582736  1235994  1086008   150.9  83.871 1636373.8   REFUSED
A      6  3   2  12    6   6    1716     1586      792     0.2   0.000      0.0
A      9  3   3  18    9   9    8721    12616     8568     1.5   0.013      3.7
A     12  3   4  24   12  12   27600    55455    42504     6.8   0.179    164.7
A     15  3   5  30   15  15   67425   174437   142506    21.3   1.372   3091.8
A     18  3   6  36   18  18  139860   443704   376992    54.2   7.230  33837.7   REFUSED
A     21  3   7  42   21  21  259161   974982   850668   119.0  29.425 255303.7   REFUSED
A     24  3   8  48   24  24  442176  1925357  1712304   235.0  99.126 1467650.4   REFUSED
A      8  4   2  24   16   8   20608    55455    42504     6.8   0.134     91.8
A     12  4   3  36   24  12  100800   443704   376992    54.2   5.210  17576.6   REFUSED
A     16  4   4  48   32  16  312832  1925357  1712304   235.0  70.130 734606.3   REFUSED
A     10  5   2  40   30  10  122200   760099   658008    92.8  10.818  44252.3   REFUSED
B     12  2   7  14    0  12    4368     3473     2002     0.4   0.002      0.2
B     12  2   8  16    0  12    6720     6885     4368     0.8   0.006      1.2
B     16  2   9  18    0  16   13056    12616     8568     1.5   0.019      8.1
B     16  2  12  24    0  16   32384    55455    42504     6.8   0.210    226.7
B     20  2  13  26    0  20   52000    83682    65780    10.2   0.509    882.2
B      9  3   4  21    9   9   13860    27896    20349     3.4   0.046     20.9
B     12  3   5  27   12  12   39312   101584    80730    12.4   0.466    612.1
B     15  3   7  36   15  15  116550   443704   376992    54.2   6.025  23498.4   REFUSED
B      8  4   3  28   16   8   32256   122438    98280    14.9   0.461    496.7
C     12  6   2  60   48  12  495600  5985198  5461512   730.6 345.337 5731411.7   REFUSED

WHAT STOPPED EACH FAMILY GROWING (D = 4, cap 1.5 GB / declared per-block wall clock)
  m= 2 n= 44 k= 22 N= 44 mem=  0.728 GB sec=     1013  declared
  m= 2 n= 48 k= 24 N= 48 mem=  1.345 GB sec=     2435  fits memory, excluded on time
  m= 2 n= 52 k= 26 N= 52 mem=  2.364 GB sec=     5453  over memory cap
  m= 3 n= 24 k=  8 N= 48 mem=  0.701 GB sec=      662  declared
  m= 3 n= 27 k=  9 N= 54 mem=  1.600 GB sec=     2147  over memory cap
  m= 4 n= 16 k=  4 N= 48 mem=  0.486 GB sec=      319  declared
  m= 4 n= 20 k=  5 N= 60 mem=  2.306 GB sec=     2917  over memory cap
  m= 5 n= 10 k=  2 N= 40 mem=  0.107 GB sec=       32  declared
  m= 5 n= 15 k=  3 N= 60 mem=  1.784 GB sec=     1747  over memory cap
  m= 6 n= 12 k=  2 N= 60 mem=  1.471 GB sec=     1188  declared
  m= 6 n= 14 k=  3 N= 74 mem=  5.952 GB sec=     8361  over memory cap
  m= 7 n= 14 k=  2 N= 84 mem= 12.915 GB sec=    23648  over memory cap

RECORDED SCOPE LIMITS
  largest n declared : n = 44 (cell 44,2,22), N = 44
  largest N declared : N = 60 (cell 12,6,2), n = 12, m = 6
  largest m declared : m = 6 (cell 12,6,2)
  These are BUDGET limits, not degrees.  A bound observed at these
  cells is evidence about these cells only.
