Measuring Python big-int XOR throughput on this host (the rank inner loop):
  XOR bench: row      5.1 KiB     4,325,102 xor/s  20.87 GB/s
  XOR bench: row     15.2 KiB     1,689,135 xor/s  24.45 GB/s
  XOR bench: row     41.8 KiB       666,782 xor/s  26.59 GB/s
  conservative throughput used below: 20.87 GB/s

======================================================================================================================
D = 4 BLOCK, DIAGONAL k = ceil(n/m): largest n inside 1.5 GB and 5400 s
======================================================================================================================
  n  m   k    N   cub  qud     rows      cols   topcols  rowKiB   memGB     xorGB      sec
------------------------------------------------------------------------------------------
 48  2  24   48     0   48    54144    213053    194580    26.0   1.345   36355.9     1742
 26  3   9   53    26   26    37206    317683    292825    38.8   1.377   25598.1     1226
 18  4   5   56    36   18    29736    396607    367290    48.4   1.374   20413.0      978
 14  5   3   57    42   14    24738    425924    395010    52.0   1.228   15172.1      727
 12  6   2   60    48   12    24120    523686    487635    63.9   1.471   17734.0      850
  9  7   2   59    45    9    18054    489406    455126    59.7   1.029    9285.3      445
  8  8   1   56    48    8    15008    396607    367290    48.4   0.693    5199.8      249

======================================================================================================================
DECLARED CELL LIST, D = 4
======================================================================================================================
  n  m   k    N   cub  qud     rows      cols   topcols  rowKiB   memGB     xorGB      sec
------------------------------------------------------------------------------------------
  8  2   4    8     0    8      224       163        70     0.0   0.000       0.0        0
 12  2   6   12     0   12      792       794       495     0.1   0.000       0.0        0
 16  2   8   16     0   16     1920      2517      1820     0.3   0.001       0.5        0
 20  2  10   20     0   20     3800      6196      4845     0.8   0.003       5.2        0
 24  2  12   24     0   24     6624     12951     10626     1.6   0.010      33.1        2
  9  3   3   18     9    9     1539      4048      3060     0.5   0.001       0.6        0
 12  3   4   24    12   12     3600     12951     10626     1.6   0.006       9.8        0
 15  3   5   30    15   15     6975     31931     27405     3.9   0.026      90.4        4
  8  4   2   24    16    8     2592     12951     10626     1.6   0.004       5.1        0
 12  4   3   36    24   12     8424     66712     58905     8.1   0.066     275.6       13
 10  5   2   40    30   10     9000    102091     91390    12.5   0.107     481.4       23
 12  6   2   60    48   12    24120    523686    487635    63.9   1.471   17734.0      850
 12  2   7   14     0   12     1092      1471      1001     0.2   0.000       0.1        0
 12  2   8   16     0   12     1440      2517      1820     0.3   0.000       0.3        0
 16  2   9   18     0   16     2448      4048      3060     0.5   0.001       1.4        0
  9  3   4   21     9    9     2079      7547      5985     0.9   0.002       1.9        0
 12  3   5   27    12   12     4536     20854     17550     2.5   0.011      25.0        1

======================================================================================================================
SAME CELLS AT D = 5 (the escalation arm, run only where it fits)
======================================================================================================================
  n  m   k    N   cub  qud     rows      cols   topcols  rowKiB   memGB     xorGB      sec
------------------------------------------------------------------------------------------
  8  2   4    8     0    8      448       219        56     0.0   0.000       0.0        0
 12  2   6   12     0   12     2640      1586       792     0.2   0.000       0.4        0
 16  2   8   16     0   16     8960      6885      4368     0.8   0.006      24.7        1
 20  2  10   20     0   20    22800     21700     15504     2.6   0.056     625.0       30
 24  2  12   24     0   24    48576     55455     42504     6.8   0.315    7616.8      365
  9  3   3   18     9    9     8721     12616      8568     1.5   0.013      55.9        3
 12  3   4   24    12   12    27600     55455     42504     6.8   0.179    2458.9      118
 15  3   5   30    15   15    67425    174437    142506    21.3   1.372   46160.2     2211
  8  4   2   24    16    8    20608     55455     42504     6.8   0.134    1370.9       66
 12  4   3   36    24   12   100800    443704    376992    54.2   5.210  262418.6    12572
 10  5   2   40    30   10   122200    760099    658008    92.8  10.818  660686.7    31652
 12  6   2   60    48   12   495600   5985198   5461512   730.6 345.337 85569976.0  4099468
 12  2   7   14     0   12     4368      3473      2002     0.4   0.002       3.1        0
 12  2   8   16     0   12     6720      6885      4368     0.8   0.006      18.1        1
 16  2   9   18     0   16    13056     12616      8568     1.5   0.019     121.0        6
  9  3   4   21     9    9    13860     27896     20349     3.4   0.046     311.9       15
 12  3   5   27    12   12    39312    101584     80730    12.4   0.466    9138.1      438

======================================================================================================================
D = 3 AND D = 2 PRESCANS (cheap; every cell runs these first)
======================================================================================================================
-- D = 2
  n  m   k    N   cub  qud     rows      cols   topcols  rowKiB   memGB     xorGB      sec
------------------------------------------------------------------------------------------
  8  2   4    8     0    8        8        37        28     0.0   0.000       0.0        0
 12  2   6   12     0   12       12        79        66     0.0   0.000       0.0        0
 16  2   8   16     0   16       16       137       120     0.0   0.000       0.0        0
 20  2  10   20     0   20       20       211       190     0.0   0.000       0.0        0
 24  2  12   24     0   24       24       301       276     0.0   0.000       0.0        0
  9  3   3   18     9    9        9       172       153     0.0   0.000       0.0        0
 12  3   4   24    12   12       12       301       276     0.0   0.000       0.0        0
 15  3   5   30    15   15       15       466       435     0.1   0.000       0.0        0
  8  4   2   24    16    8        8       301       276     0.0   0.000       0.0        0
 12  4   3   36    24   12       12       667       630     0.1   0.000       0.0        0
 10  5   2   40    30   10       10       821       780     0.1   0.000       0.0        0
 12  6   2   60    48   12       12      1831      1770     0.2   0.000       0.0        0
 12  2   7   14     0   12       12       106        91     0.0   0.000       0.0        0
 12  2   8   16     0   12       12       137       120     0.0   0.000       0.0        0
 16  2   9   18     0   16       16       172       153     0.0   0.000       0.0        0
  9  3   4   21     9    9        9       232       210     0.0   0.000       0.0        0
 12  3   5   27    12   12       12       379       351     0.0   0.000       0.0        0

-- D = 3
  n  m   k    N   cub  qud     rows      cols   topcols  rowKiB   memGB     xorGB      sec
------------------------------------------------------------------------------------------
  8  2   4    8     0    8       64        93        56     0.0   0.000       0.0        0
 12  2   6   12     0   12      144       299       220     0.0   0.000       0.0        0
 16  2   8   16     0   16      256       697       560     0.1   0.000       0.0        0
 20  2  10   20     0   20      400      1351      1140     0.2   0.000       0.0        0
 24  2  12   24     0   24      576      2325      2024     0.3   0.000       0.0        0
  9  3   3   18     9    9      171       988       816     0.1   0.000       0.0        0
 12  3   4   24    12   12      300      2325      2024     0.3   0.000       0.0        0
 15  3   5   30    15   15      465      4526      4060     0.6   0.000       0.1        0
  8  4   2   24    16    8      208      2325      2024     0.3   0.000       0.0        0
 12  4   3   36    24   12      456      7807      7140     1.0   0.000       0.1        0
 10  5   2   40    30   10      430     10701      9880     1.3   0.001       0.1        0
 12  6   2   60    48   12      768     36051     34220     4.4   0.003       1.2        0
 12  2   7   14     0   12      168       470       364     0.1   0.000       0.0        0
 12  2   8   16     0   12      192       697       560     0.1   0.000       0.0        0
 16  2   9   18     0   16      288       988       816     0.1   0.000       0.0        0
  9  3   4   21     9    9      198      1562      1330     0.2   0.000       0.0        0
 12  3   5   27    12   12      336      3304      2925     0.4   0.000       0.0        0

======================================================================================================================
BUDGET CHECK
======================================================================================================================
D=4 worst memory: 1.471 GB at n=12 m=6 k=2
D=4 worst time:   850 s at n=12 m=6 k=2
D=5 cells inside 1.5 GB and 5400 s: (8,2,4), (12,2,6), (16,2,8), (20,2,10), (24,2,12), (9,3,3), (12,3,4), (15,3,5), (8,4,2), (12,2,7), (12,2,8), (16,2,9), (9,3,4), (12,3,5)

Arms per cell: EQS2, EQS4 family A, EQS4 family B, null-equal,
random-shape control  = 5 blocks, each run at D = 2,3,4 (and 5 where
declared).  Only ONE block is resident at a time, so the memory
figure above is the run's peak, not a sum.
