[116511665573478, 0, 17, 2]
[370376419722289, 0, 17, 2]
[147686731444433, 0, 17, 1]
[72881269935803, 0, 17, 5]
[116511665573478, 0, 17, 2]
[237711860122495, 0, 17, 2]
[72881269935803, 0, 17, 1]
[30885819784827, 0, 17, 1]
[25640824825979, 0, 17, 2]
[115635957935040, 0, 17, 1]
[623162416261, 0, 17, 6]
[130246110195364, 0, 17, 1]
[116461223646592, 0, 17, 2]
[30885819784827, 0, 17, 2]
[25640824825979, 0, 17, 1]
[360860333097189, 0, 17, 1]
[121360481466206, 0, 17, 2]
[116511665573478, 0, 17, 1]
[57318330399736, 0, 17, 1]
[360860333097189, 0, 17, 1]
[370376419722289, 0, 17, 1]
[623162416261, 0, 17, 5]
[370376419722289, 0, 17, 1]
[30885819784827, 0, 17, 3]
[57318330399736, 0, 17, 1]
[147686731444433, 0, 17, 1]
[30885819784827, 0, 17, 1]
[116461223646592, 0, 17, 3]
[116461223646592, 0, 17, 1]
[72881269935803, 0, 17, 1]
[116461223646592, 0, 17, 1]
[147686731444433, 0, 17, 1]
[57318330399736, 0, 17, 1]
[147686731444433, 0, 17, 2]
[115635957935040, 0, 17, 1]
[116511665573478, 0, 17, 3]
[370376419722289, 0, 17, 1]
[30885819784827, 0, 17, 3]
[237711860122495, 0, 17, 1]
[360860333097189, 0, 17, 4]
