  n  np   d  q   r       N       beta      exact       cons        b-e        b-c    bound chk
  7   3   2  2   1       8   0.777778   0.777778   0.518519   0.000000   0.259259        8 OK
  7   3   2  2   1       8   0.777778   0.777778   0.518519   0.000000   0.259259        8 OK
  7   3   4  2   1       8   1.555556   0.777778   0.518519   0.777778   1.037037       64 OK
  7   3   4  2   1       8   1.555556   0.777778   0.518519   0.777778   1.037037       64 OK
  7   3   4  2   1       8   1.555556   0.777778   0.518519   0.777778   1.037037       64 OK
  7   3   4  2   1       8   1.555556   0.777778   0.518519   0.777778   1.037037       64 OK
  7   3   5  2   1       8   1.805944   0.777778   0.518519   1.028166   1.287426      125 OK
  7   3   5  2   1       8   1.805944   0.777778   0.518519   1.028166   1.287426      125 OK
  7   3   5  2   1       8   1.805944   0.777778   0.518519   1.028166   1.287426      125 OK
  7   3   5  2   1       8   1.805944   0.777778   0.518519   1.028166   1.287426      125 OK
  7   3   6  2   1       8   2.010526   0.777778   0.518519   1.232749   1.492008      216 OK
  7   3   6  2   1       8   2.010526   0.777778   0.518519   1.232749   1.492008      216 OK
  7   3   6  2   1       8   2.010526   0.777778   0.518519   1.232749   1.492008      216 OK
  7   3   6  2   1       8   2.010526   0.777778   0.518519   1.232749   1.492008      216 OK
  7   3   6  2   1       8   2.010526   0.777778   0.518519   1.232749   1.492008      216 OK
  7   3   6  2   1       8   2.010526   0.777778   0.518519   1.232749   1.492008      216 OK
  7   3   6  2   1       8   2.010526   0.777778   0.518519   1.232749   1.492008      216 OK
  7   3   6  2   1       8   2.010526   0.777778   0.518519   1.232749   1.492008      216 OK
  7   3   7  2   1       8   2.183498   0.777778   0.518519   1.405720   1.664980      343 OK
  7   3   7  2   1       8   2.183498   0.777778   0.518519   1.405720   1.664980      343 OK
  7   3   7  2   1       8   2.183498   0.777778   0.518519   1.405720   1.664980      343 OK
  7   3   7  2   1       8   2.183498   0.777778   0.518519   1.405720   1.664980      343 OK
  7   3   7  2   1       8   2.183498   0.777778   0.518519   1.405720   1.664980      343 OK
  7   3   7  2   1       8   2.183498   0.777778   0.518519   1.405720   1.664980      343 OK
  7   3   7  2   1       8   2.183498   0.777778   0.518519   1.405720   1.664980      343 OK
  7   3   7  2   1       8   2.183498   0.777778   0.518519   1.405720   1.664980      343 OK
  7   3   7  2   1       8   2.183498   0.777778   0.518519   1.405720   1.664980      343 OK
  7   3   7  2   1       8   2.183498   0.777778   0.518519   1.405720   1.664980      343 OK
  7   3   7  2   1       8   2.183498   0.777778   0.518519   1.405720   1.664980      343 OK
  7   3   7  2   1       8   2.183498   0.777778   0.518519   1.405720   1.664980      343 OK
  7   3   7  2   1       8   2.183498   0.777778   0.518519   1.405720   1.664980      343 OK
  7   3   7  2   1       8   2.183498   0.777778   0.518519   1.405720   1.664980      343 OK
  7   3   7  2   1       8   2.183498   0.777778   0.518519   1.405720   1.664980      343 OK
  7   3   7  2   1       8   2.183498   0.777778   0.518519   1.405720   1.664980      343 OK
  7   3   7  2   1       8   2.183498   0.777778   0.518519   1.405720   1.664980      343 OK
  7   3   7  2   1       8   2.183498   0.777778   0.518519   1.405720   1.664980      343 OK
  7   4   4  1   3      16   0.875000   0.875000   0.656250   0.000000   0.218750       16 OK
  7   4   6  1   3      16   1.130921   0.875000   0.656250   0.255921   0.474671       36 OK
  7   4   8  1   3      16   1.312500   0.875000   0.656250   0.437500   0.656250       64 OK
 31   5   4  6   1      32   2.480000   0.885714   0.708571   1.594286   1.771429    16384 OK
 31   5   4  6   1      32   2.480000   0.885714   0.708571   1.594286   1.771429    16384 OK
 31   5   4  6   1      32   2.480000   0.885714   0.708571   1.594286   1.771429    16384 OK
 31   5   4  6   1      32   2.480000   0.885714   0.708571   1.594286   1.771429    16384 OK
 31   5   6  6   1      32   3.205354   0.885714   0.708571   2.319639   2.496782   279936 OK
 31   5   6  6   1      32   3.205354   0.885714   0.708571   2.319639   2.496782   279936 OK
 31   5   6  6   1      32   3.205354   0.885714   0.708571   2.319639   2.496782   279936 OK
 31   5   6  6   1      32   3.205354   0.885714   0.708571   2.319639   2.496782   279936 OK
 31   5   7  6   1      32   3.481120   0.885714   0.708571   2.595406   2.772549   823543 OK
 31   5   7  6   1      32   3.481120   0.885714   0.708571   2.595406   2.772549   823543 OK
 31   5   7  6   1      32   3.481120   0.885714   0.708571   2.595406   2.772549   823543 OK
 31   5   7  6   1      32   3.481120   0.885714   0.708571   2.595406   2.772549   823543 OK
 31   5   7  6   1      32   3.481120   0.885714   0.708571   2.595406   2.772549   823543 OK
 31   5   7  6   1      32   3.481120   0.885714   0.708571   2.595406   2.772549   823543 OK
 31   5   8  6   1      32   3.720000   0.885714   0.708571   2.834286   3.011429  2097152 OK
 31   5   8  6   1      32   3.720000   0.885714   0.708571   2.834286   3.011429  2097152 OK
 31   5   8  6   1      32   3.720000   0.885714   0.708571   2.834286   3.011429  2097152 OK
 31   5   8  6   1      32   3.720000   0.885714   0.708571   2.834286   3.011429  2097152 OK
 31   5   8  6   1      32   3.720000   0.885714   0.708571   2.834286   3.011429  2097152 OK
 31   5   8  6   1      32   3.720000   0.885714   0.708571   2.834286   3.011429  2097152 OK
 31   5   8  6   1      32   3.720000   0.885714   0.708571   2.834286   3.011429  2097152 OK
 31   5   8  6   1      32   3.720000   0.885714   0.708571   2.834286   3.011429  2097152 OK
 31   5   8  6   1      32   3.720000   0.885714   0.708571   2.834286   3.011429  2097152 OK
 31   5   8  6   1      32   3.720000   0.885714   0.708571   2.834286   3.011429  2097152 OK
 31   6   4  5   1      64   1.722222   0.861111   0.717593   0.861111   1.004630     4096 OK
 31   6   8  5   1      64   2.583333   0.861111   0.717593   1.722222   1.865741   262144 OK

rows recomputed                      : 65
rows disagreeing with the archive    : 0
min(beta - exact)  recomputed        : 0 = 0.0
min(beta - conservative) recomputed  : 7/32 = 0.21875
archived min(beta-exact)             : 0.0
archived min(beta-conservative)      : 0.21875
rows with beta == exact (EQUALITY)   : 3
   their (n,n',d): [(7, 3, 2), (7, 4, 4)]
   per (n,n',d) counts: {(7, 3, 2): 2, (7, 4, 4): 1}
archived rows literally carrying beta_minus_exact == 0.0 : 3
complete-splitter cells and counts   : {(7, 3): 36, (7, 4): 3, (31, 5): 24, (31, 6): 2}

complete splitters missing a threshold: 0
near-complete rows missing a threshold: 0 of 356
complete splitters with i3_run False  : 10 -> [(31, 5, 8, 32)]
