BASELINE rc=0
{"key": "BASE", "mode": "base", "n": 120, "I1_vs_I2": 0, "I1_vs_I3": 0, "I2_vs_I3": 0, "rows": [[7, 3, 4, 2, 2, 2], [7, 3, 5, 0, 0, 0], [7, 3, 6, 8, 8, 8], [7, 3, 7, 8, 8, 8], [7, 3, 8, 2, 2, 2], [7, 3, 9, 0, 0, 0], [7, 3, 10, 1, 1, 1], [7, 3, 11, 1, 1, 1], [7, 3, 12, 1, 1, 1], [7, 3, 13, 1, 1, 1], [7, 3, 14, 2, 2, 2], [7, 3, 15, 0, 0, 0], [7, 3, 16, 2, 2, 2], [7, 3, 17, 0, 0, 0], [7, 3, 18, 8, 8, 8], [7, 3, 19, 8, 8, 8], [7, 3, 20, 1, 1, 1], [7, 3, 21, 1, 1, 1], [7, 3, 22, 2, 2, 2], [7, 3, 23, 0, 0, 0], [7, 3, 24, 1, 1, 1], [7, 3, 25, 8, 8, 8], [7, 3, 26, 2, 2, 2], [7, 3, 27, 0, 0, 0], [7, 3, 28, 2, 2, 2], [7, 3, 29, 0, 0, 0], [7, 3, 30, 8, 8, 8], [7, 3, 31, 1, 1, 1], [7, 3, 32, 2, 2, 2], [7, 3, 33, 0, 0, 0], [7, 3, 34, 8, 8, 8], [7, 3, 35, 1, 1, 1], [7, 3, 36, 1, 1, 1], [7, 3, 37, 1, 1, 1], [7, 3, 38, 2, 2, 2], [7, 3, 39, 0, 0, 0], [7, 3, 40, 1, 1, 1], [7, 3, 41, 1, 1, 1], [7, 3, 42, 2, 2, 2], [7, 3, 43, 0, 0, 0], [7, 3, 44, 2, 2, 2], [7, 3, 45, 0, 0, 0], [7, 3, 46, 1, 1, 1], [7, 3, 47, 8, 8, 8], [7, 3, 48, 1, 1, 1], [7, 3, 49, 8, 8, 8], [7, 3, 50, 2, 2, 2], [7, 3, 51, 0, 0, 0], [7, 3, 52, 2, 2, 2], [7, 3, 53, 0, 0, 0], [7, 3, 54, 1, 1, 1], [7, 3, 55, 1, 1, 1], [7, 3, 56, 2, 2, 2], [7, 3, 57, 0, 0, 0], [7, 3, 58, 8, 8, 8], [7, 3, 59, 1, 1, 1], [7, 3, 60, 1, 1, 1], [7, 3, 61, 1, 1, 1], [7, 3, 62, 2, 2, 2], [7, 3, 63, 0, 0, 0], [11, 4, 4, 2, 2, 2], [11, 4, 5, 0, 0, 0], [11, 4, 6, 1, 1, 1], [11, 4, 7, 1, 1, 1], [11, 4, 8, 2, 2, 2], [11, 4, 9, 0, 0, 0], [11, 4, 10, 1, 1, 1], [11, 4, 11, 1, 1, 1], [11, 4, 12, 1, 1, 1], [11, 4, 13, 1, 1, 1], [11, 4, 14, 2, 2, 2], [11, 4, 15, 0, 0, 0], [11, 4, 16, 2, 2, 2], [11, 4, 17, 0, 0, 0], [11, 4, 18, 1, 1, 1], [11, 4, 19, 1, 1, 1], [11, 4, 20, 1, 1, 1], [11, 4, 21, 1, 1, 1], [11, 4, 22, 2, 2, 2], [11, 4, 23, 0, 0, 0], [11, 4, 24, 1, 1, 1], [11, 4, 25, 1, 1, 1], [11, 4, 26, 2, 2, 2], [11, 4, 27, 0, 0, 0], [11, 4, 28, 2, 2, 2], [11, 4, 29, 0, 0, 0], [11, 4, 30, 1, 1, 1], [11, 4, 31, 1, 1, 1], [11, 4, 32, 2, 2, 2], [11, 4, 33, 0, 0, 0], [11, 4, 34, 1, 1, 1], [11, 4, 35, 1, 1, 1], [11, 4, 36, 1, 1, 1], [11, 4, 37, 1, 1, 1], [11, 4, 38, 13, 13, 13], [11, 4, 39, 0, 0, 0], [11, 4, 40, 1, 1, 1], [11, 4, 41, 1, 1, 1], [11, 4, 42, 2, 2, 2], [11, 4, 43, 0, 0, 0], [11, 4, 44, 13, 13, 13], [11, 4, 45, 0, 0, 0], [11, 4, 46, 1, 1, 1], [11, 4, 47, 12, 12, 12], [11, 4, 48, 1, 1, 1], [11, 4, 49, 1, 1, 1], [11, 4, 50, 2, 2, 2], [11, 4, 51, 0, 0, 0], [11, 4, 52, 13, 13, 13], [11, 4, 53, 0, 0, 0], [11, 4, 54, 1, 1, 1], [11, 4, 55, 1, 1, 1], [11, 4, 56, 13, 13, 13], [11, 4, 57, 0, 0, 0], [11, 4, 58, 12, 12, 12], [11, 4, 59, 1, 1, 1], [11, 4, 60, 1, 1, 1], [11, 4, 61, 1, 1, 1], [11, 4, 62, 2, 2, 2], [11, 4, 63, 0, 0, 0]]}
F-c  clmul(): drop the highest set bit of the sparser operand [shared by I1,I2,I3]                       n=120 changed=87    M2=(75,73,43)  AGREEMENT STILL CLEAN: False
F-d  gcd(): Euclid swaps one step early [shared by I2,I3; NOT I1]                                        n=120 changed=0     M2=(0,0,0)  AGREEMENT STILL CLEAN: True
F-e  polymod_sparse_tail(): corrupt the tail [I2 path ONLY]                                              n=120 changed=92    M2=(92,0,92)  AGREEMENT STILL CLEAN: False
F-f  frob_power_mod(): seed X+1 instead of X [I3 path ONLY] -> NON-TERMINATING within 300 s (infrastructure outcome, not agreement)
F-g  _frob_table(): one Frobenius too few [I1 path ONLY]                                                 n=120 changed=17    M2=(17,17,0)  AGREEMENT STILL CLEAN: False
G-a  square(): flip the constant coefficient when deg > 40 [shared by I1,I2,I3; invisible to the n<=13 self-checks] -> CRASHED rc=1 (the package's own self-check or an assert caught the fault)
G-b  polymod(): corrupt when deg m > 40 [shared by I1,I2,I3; invisible to the n<=13 self-checks] -> CRASHED rc=1 (the package's own self-check or an assert caught the fault)
G-d  gcd(): corrupt when both operands have deg > 60 [shared by I2,I3; NOT I1] -> CRASHED rc=1 (the package's own self-check or an assert caught the fault)
DONE
